4 0.085704 0.468843 0.082422 0.255193
4 0.161926 0.376855 0.075857 0.195846
4 0.299052 0.382789 0.075857 0.183976
4 0.361780 0.326409 0.071481 0.178042
4 0.305616 0.229228 0.049599 0.129080
4 0.368344 0.186202 0.059810 0.152819
4 0.598833 0.096439 0.048140 0.118694
4 0.698760 0.120178 0.064187 0.136499
4 0.842086 0.100890 0.043034 0.115727
4 0.802334 0.185460 0.051058 0.130564
4 0.768782 0.273739 0.071481 0.182493
4 0.560175 0.330861 0.091904 0.216617
4 0.587163 0.244065 0.058352 0.164688
4 0.635303 0.212908 0.062728 0.179525
2 0.324581 0.658754 0.156090 0.367953
4 0.533187 0.637240 0.140044 0.366469
0 0.656090 0.535608 0.134938 0.296736
2 0.215536 0.499258 0.092633 0.247774
2 0.433625 0.254451 0.069292 0.197329
2 0.938001 0.737389 0.123997 0.272997
2 0.969001 0.281157 0.061999 0.143917
4 0.831510 0.188427 0.058352 0.201780